Message_id,From,Time_stamp,Text
<660578.1075855625524.JavaMail.evans@thyme>,expedia.com_011547@expedia.customer-email.com,2000-12-01 02:27:00, off the legendary luxury of Legend Airlinespeter Right now selected Legend Airlines flights are off Legend has become the stuff of legends for offering you the luxuries of first class at coach prices Perks include a private executive terminal at Dallas Love Field reclining leather seats in spacious twobytwo rows and celebrity chefcrafted meals served on china Book by December rdefaultaspRDce TRAVEL NEWS Every week we bring you the latest fare sales and travel updates so you can make exactly the right travel choices America West As low as roundtrip coast to coast All America West flights are on sale for travel from December through March Fly to the ski slopes the other coast or the beach in Mexico Dont delay December is the last day to buy your ticket rdefaultaspRDde Fly National Airlines and save Book now and enjoy great fares New York to Las Vegas is just and Miami to LA is Book by December for travel December through February rdefaultaspRDde Let us fly your family home for the holidays Expediacom and MSN HomeAdvisor want to fly members of your family home for the holidays Enter the Holiday Family Reunion Giveaway by December Good luck rdefaultaspRDfe See whats new in other places rdefaultaspRDe YOUR FARETRACKER LOW FARES The airlines lowest published fares plus the range of fares found by Expediacom travelers You can change your Fare Tracker routes at rdefaultaspRDaeqscrDsubs Check out all your route and fare options with our Flight Wizard rdefaultaspRDeGOTODFLIGHTWIZr frrD EAPidD Visit Airline Fare List to check out published fares on any route rdefaultaspRDaeqscrDfpfl SPECIAL DEALS The best offers and promotions at Expediacom handpicked to bring you exciting opportunities and excellent value Travelscapecom Ski Killington VT for as little as Seven mountains lifts and hot nightlife Includes airfare two nights hotel rdefaultaspRDce Expedia Special Rate Radisson Resort Acapulco from Private beach two swimming poolsyoull never want to leave rdefaultaspRDce Expediacom Cruises Twoday Bahamas cruise as low as Enjoy the beauty of the Bahamas on the Fun Ship Tropicale rdefaultaspRDce Awaycom Journey to Antarctica Save more than per person on the December cruise rdefaultaspRDce Looking for more great deals on Expediacom See our Special Deals at rdefaultaspRDadeqscrDspdl Thank you for traveling with Expediacom Expediacom Travel Team Dont just travel Travel RightTM rdefaultaspRDe FROM OUR SPONSORS Earn Five Free Nights at Hyatt or Bonus Miles With Nights After Nights every eligible night you stay at any Hyatt worldwide November February can count toward five free nights at Hyatt or bonus miles with a participating airline partner For more information click below rdefaultaspRDaeurlD Egoldpa ssportEcomnanEaspFadkeyDnexbimageDads EXPFT RLGEgif The airlines lowest published fares are the lowest roundtrip fares published by the airlines for your routes These fares may not be available on the days you wish to travel Our Fare Calendar shows you when these fares are available To use Fare Calendar click the link below rdefaultaspRDeqscrDftap The range of recent fare prices found by Expediacom customers the lowest and highest fares found for your routes can help you determine the ideal price for your route All Prices are quoted in US Dollars You are receiving this email because you are a registered member of Expediacom Questions Visit the Expediacom Customer Support Center at rdefaultaspRDaee If you do not wish to receive any further emails from us please reply to this mail with unsubscribe in the subject line Sorry but we cant reply to responses to Fare Tracker If you have questions or want to give feedback please go to rdefaultaspRDeqscrDcomtCalr D c Expedia Inc All rights reserved This email was sent to 
<3011654.1075855636186.JavaMail.evans@thyme>,expedia.com_011547@expedia.customer-email.com,2000-12-01 02:27:00, off the legendary luxury of Legend Airlinespeter Right now selected Legend Airlines flights are off Legend has become the stuff of legends for offering you the luxuries of first class at coach prices Perks include a private executive terminal at Dallas Love Field reclining leather seats in spacious twobytwo rows and celebrity chefcrafted meals served on china Book by December rdefaultaspRDce TRAVEL NEWS Every week we bring you the latest fare sales and travel updates so you can make exactly the right travel choices America West As low as roundtrip coast to coast All America West flights are on sale for travel from December through March Fly to the ski slopes the other coast or the beach in Mexico Dont delay December is the last day to buy your ticket rdefaultaspRDde Fly National Airlines and save Book now and enjoy great fares New York to Las Vegas is just and Miami to LA is Book by December for travel December through February rdefaultaspRDde Let us fly your family home for the holidays Expediacom and MSN HomeAdvisor want to fly members of your family home for the holidays Enter the Holiday Family Reunion Giveaway by December Good luck rdefaultaspRDfe See whats new in other places rdefaultaspRDe YOUR FARETRACKER LOW FARES The airlines lowest published fares plus the range of fares found by Expediacom travelers You can change your Fare Tracker routes at rdefaultaspRDaeqscrDsubs Check out all your route and fare options with our Flight Wizard rdefaultaspRDeGOTODFLIGHTWIZr frrD EAPidD Visit Airline Fare List to check out published fares on any route rdefaultaspRDaeqscrDfpfl SPECIAL DEALS The best offers and promotions at Expediacom handpicked to bring you exciting opportunities and excellent value Travelscapecom Ski Killington VT for as little as Seven mountains lifts and hot nightlife Includes airfare two nights hotel rdefaultaspRDce Expedia Special Rate Radisson Resort Acapulco from Private beach two swimming poolsyoull never want to leave rdefaultaspRDce Expediacom Cruises Twoday Bahamas cruise as low as Enjoy the beauty of the Bahamas on the Fun Ship Tropicale rdefaultaspRDce Awaycom Journey to Antarctica Save more than per person on the December cruise rdefaultaspRDce Looking for more great deals on Expediacom See our Special Deals at rdefaultaspRDadeqscrDspdl Thank you for traveling with Expediacom Expediacom Travel Team Dont just travel Travel RightTM rdefaultaspRDe FROM OUR SPONSORS Earn Five Free Nights at Hyatt or Bonus Miles With Nights After Nights every eligible night you stay at any Hyatt worldwide November February can count toward five free nights at Hyatt or bonus miles with a participating airline partner For more information click below rdefaultaspRDaeurlD Egoldpa ssportEcomnanEaspFadkeyDnexbimageDads EXPFT RLGEgif The airlines lowest published fares are the lowest roundtrip fares published by the airlines for your routes These fares may not be available on the days you wish to travel Our Fare Calendar shows you when these fares are available To use Fare Calendar click the link below rdefaultaspRDeqscrDftap The range of recent fare prices found by Expediacom customers the lowest and highest fares found for your routes can help you determine the ideal price for your route All Prices are quoted in US Dollars You are receiving this email because you are a registered member of Expediacom Questions Visit the Expediacom Customer Support Center at rdefaultaspRDaee If you do not wish to receive any further emails from us please reply to this mail with unsubscribe in the subject line Sorry but we cant reply to responses to Fare Tracker If you have questions or want to give feedback please go to rdefaultaspRDeqscrDcomtCalr D c Expedia Inc All rights reserved This email was sent to 
<6333124.1075855641338.JavaMail.evans@thyme>,expedia.com_011547@expedia.customer-email.com,2000-12-01 02:27:00, off the legendary luxury of Legend Airlinespeter Right now selected Legend Airlines flights are off Legend has become the stuff of legends for offering you the luxuries of first class at coach prices Perks include a private executive terminal at Dallas Love Field reclining leather seats in spacious twobytwo rows and celebrity chefcrafted meals served on china Book by December rdefaultaspRDce TRAVEL NEWS Every week we bring you the latest fare sales and travel updates so you can make exactly the right travel choices America West As low as roundtrip coast to coast All America West flights are on sale for travel from December through March Fly to the ski slopes the other coast or the beach in Mexico Dont delay December is the last day to buy your ticket rdefaultaspRDde Fly National Airlines and save Book now and enjoy great fares New York to Las Vegas is just and Miami to LA is Book by December for travel December through February rdefaultaspRDde Let us fly your family home for the holidays Expediacom and MSN HomeAdvisor want to fly members of your family home for the holidays Enter the Holiday Family Reunion Giveaway by December Good luck rdefaultaspRDfe See whats new in other places rdefaultaspRDe YOUR FARETRACKER LOW FARES The airlines lowest published fares plus the range of fares found by Expediacom travelers You can change your Fare Tracker routes at rdefaultaspRDaeqscrDsubs Check out all your route and fare options with our Flight Wizard rdefaultaspRDeGOTODFLIGHTWIZr frrD EAPidD Visit Airline Fare List to check out published fares on any route rdefaultaspRDaeqscrDfpfl SPECIAL DEALS The best offers and promotions at Expediacom handpicked to bring you exciting opportunities and excellent value Travelscapecom Ski Killington VT for as little as Seven mountains lifts and hot nightlife Includes airfare two nights hotel rdefaultaspRDce Expedia Special Rate Radisson Resort Acapulco from Private beach two swimming poolsyoull never want to leave rdefaultaspRDce Expediacom Cruises Twoday Bahamas cruise as low as Enjoy the beauty of the Bahamas on the Fun Ship Tropicale rdefaultaspRDce Awaycom Journey to Antarctica Save more than per person on the December cruise rdefaultaspRDce Looking for more great deals on Expediacom See our Special Deals at rdefaultaspRDadeqscrDspdl Thank you for traveling with Expediacom Expediacom Travel Team Dont just travel Travel RightTM rdefaultaspRDe FROM OUR SPONSORS Earn Five Free Nights at Hyatt or Bonus Miles With Nights After Nights every eligible night you stay at any Hyatt worldwide November February can count toward five free nights at Hyatt or bonus miles with a participating airline partner For more information click below rdefaultaspRDaeurlD Egoldpa ssportEcomnanEaspFadkeyDnexbimageDads EXPFT RLGEgif The airlines lowest published fares are the lowest roundtrip fares published by the airlines for your routes These fares may not be available on the days you wish to travel Our Fare Calendar shows you when these fares are available To use Fare Calendar click the link below rdefaultaspRDeqscrDftap The range of recent fare prices found by Expediacom customers the lowest and highest fares found for your routes can help you determine the ideal price for your route All Prices are quoted in US Dollars You are receiving this email because you are a registered member of Expediacom Questions Visit the Expediacom Customer Support Center at rdefaultaspRDaee If you do not wish to receive any further emails from us please reply to this mail with unsubscribe in the subject line Sorry but we cant reply to responses to Fare Tracker If you have questions or want to give feedback please go to rdefaultaspRDeqscrDcomtCalr D c Expedia Inc All rights reserved This email was sent to 
