Message_id,From,Time_stamp,Text
<32454025.1075849735774.JavaMail.evans@thyme>,kelly.holman@enron.com,2001-05-15 08:29:00,New Gen Update Cc Please find below update information to the New Generation Project If you have any questions or comments feel free to contact me x or Kristin x Thanks Kelly
<9526874.1075849736593.JavaMail.evans@thyme>,kelly.holman@enron.com,2001-05-15 08:29:00,New Gen Update Cc Please find below update information to the New Generation Project If you have any questions or comments feel free to contact me x or Kristin x Thanks Kelly
