Message_id,From,Time_stamp,Text
<2601585.1075857855649.JavaMail.evans@thyme>,mail@wallstreet.com,2000-12-08 11:36:00,Listen to WallstreetcomPress to PausePlay Sound Real Audio Plugin Required IMAGE Play Blackjack Join for Free Free Casino Software Specials Unsubscribe In todays world who you place your bet with shouldnt be as important as what you bet on The sad fact is that its true But Wallstreetcom is different You wont lose sleep wondering if your winning sports bet or blackjack play in our casino will get paid Weve paid out more than million dollars in winnings and bonuses in the last year alone all processed and payed within hours and without the burden of processing fees The Bottom Line if youre going to place your bets online bet with the most trusted name in the industry Bet with Wallstreetcom Click here to Visit Wallstreetcom and Join for Free or go to Real Audio is required for sound component to play Wallstreetcom has over employees in three international locations working together to provide users with the best possible customer service Our tollfree phone lines and live online help forums are open hours a day All emails are answered within hours by our trained staff UNSUBSCRIBE Wallstreetcom values your privacy This email was sent in conjunction with ROTOnews Direct We conform to all MAPS email marketing guidelines for a SPAM FREE Internet If you would like to permanently unsubscribe from the Wallstreetcom email list please reply to with a blank message and the word UNSUBSCRIBE in the subject header or simply click here to launch your default email client and click send Your request will be processed and confirmed via email within hours Questions Need a live person Call toll free at 
<31685707.1075857871382.JavaMail.evans@thyme>,mail@wallstreet.com,2000-12-08 11:36:00,Listen to WallstreetcomPress to PausePlay Sound Real Audio Plugin Required IMAGE Play Blackjack Join for Free Free Casino Software Specials Unsubscribe In todays world who you place your bet with shouldnt be as important as what you bet on The sad fact is that its true But Wallstreetcom is different You wont lose sleep wondering if your winning sports bet or blackjack play in our casino will get paid Weve paid out more than million dollars in winnings and bonuses in the last year alone all processed and payed within hours and without the burden of processing fees The Bottom Line if youre going to place your bets online bet with the most trusted name in the industry Bet with Wallstreetcom Click here to Visit Wallstreetcom and Join for Free or go to Real Audio is required for sound component to play Wallstreetcom has over employees in three international locations working together to provide users with the best possible customer service Our tollfree phone lines and live online help forums are open hours a day All emails are answered within hours by our trained staff UNSUBSCRIBE Wallstreetcom values your privacy This email was sent in conjunction with ROTOnews Direct We conform to all MAPS email marketing guidelines for a SPAM FREE Internet If you would like to permanently unsubscribe from the Wallstreetcom email list please reply to with a blank message and the word UNSUBSCRIBE in the subject header or simply click here to launch your default email client and click send Your request will be processed and confirmed via email within hours Questions Need a live person Call toll free at 
<16509816.1075857876051.JavaMail.evans@thyme>,mail@wallstreet.com,2000-12-08 11:36:00,Listen to WallstreetcomPress to PausePlay Sound Real Audio Plugin Required IMAGE Play Blackjack Join for Free Free Casino Software Specials Unsubscribe In todays world who you place your bet with shouldnt be as important as what you bet on The sad fact is that its true But Wallstreetcom is different You wont lose sleep wondering if your winning sports bet or blackjack play in our casino will get paid Weve paid out more than million dollars in winnings and bonuses in the last year alone all processed and payed within hours and without the burden of processing fees The Bottom Line if youre going to place your bets online bet with the most trusted name in the industry Bet with Wallstreetcom Click here to Visit Wallstreetcom and Join for Free or go to Real Audio is required for sound component to play Wallstreetcom has over employees in three international locations working together to provide users with the best possible customer service Our tollfree phone lines and live online help forums are open hours a day All emails are answered within hours by our trained staff UNSUBSCRIBE Wallstreetcom values your privacy This email was sent in conjunction with ROTOnews Direct We conform to all MAPS email marketing guidelines for a SPAM FREE Internet If you would like to permanently unsubscribe from the Wallstreetcom email list please reply to with a blank message and the word UNSUBSCRIBE in the subject header or simply click here to launch your default email client and click send Your request will be processed and confirmed via email within hours Questions Need a live person Call toll free at 
